# VR→robot calibration data. Auto-managed by the calibration wizard in
# the dashboard — edit by re-running the wizard, not by hand.
# Multiple user/setup profiles live under profiles.<name>.
# Wrist-motor polarity lives in config/xlerobot.yaml (vr.wrist_motor_polarity).
active_profile: default
profiles:
  default:
    left:
      calibration_mode: vr_direction
      teleop_source: native_quest
      coordinate_frame: quest_operator_frame
      wrist_canonical_frame: raw_controller_anchor_local
      session_vr_to_robot:
      - [-0.2275855094071646, -0.9657126436778142, 0.12491567455163025]
      - [0.9736870681216788, -0.22723810110591644, 0.017214493265462795]
      - [0.011761346882513098, 0.1255465461356252, 0.9920180116675928]
      calibrated_at: '2026-06-06T11:53:30'
      forward_motion_m: 0.10818978464254378
      up_motion_m: 0.10757925360402906
      left_motion_m: 0.10352484867895242
      confidence: good
      invert_lateral: false
      wrist_pitch_anchor_local: [-0.17869254915441077, -0.9824951465855501, -0.05265225363207874]
      wrist_roll_anchor_local: [-0.8801866649592544, 0.3775779109867513, -0.28758712760272576]
      robot_verification:
        calibration_mode: robot_verified
        teleop_source: native_quest
        coordinate_frame: quest_operator_frame
        base_vr_direction_matrix:
        - [-0.2275855094071646, -0.9657126436778142, 0.12491567455163025]
        - [0.9736870681216788, -0.22723810110591644, 0.017214493265462795]
        - [0.011761346882513098, 0.1255465461356252, 0.9920180116675928]
        verified_vr_to_robot_matrix:
        - [-0.22651723401417212, -0.9691833009910874, 0.09681772448569426]
        - [0.9739866218033044, -0.22474516212574733, 0.028977105605260296]
        - [-0.006324811677490196, 0.1008629822139447, 0.9948802217232755]
        translation_vr_to_robot_matrix:
        - [-0.24740225018256048, -0.8297582462109359, 0.13233840084163184]
        - [0.9296237709012036, -0.1621909472318649, 0.028254135786297124]
        - [-0.011547487174723668, 0.04707802571770936, 0.955871158814987]
        translation_scale: 0.927881539102089
        fit_error_cm: 1.6288739269118362
        calibration_quality: good
        verified_at: '2026-06-06T12:08:55'
        low_scale_test_completed: true
        robot_verified_samples:
        - label: forward
          robot_start: [0.22540304853202422, -0.08907174722950009, 0.08470919781620638]
          robot_end: [0.3607302177633831, -0.15302709252539295, 0.16811758280483835]
          robot_delta: [0.13532716923135887, -0.06395534529589286, 0.08340838498863197]
          vr_start: [-0.294394, 0.23399, 1.082327]
          vr_end: [-0.388353, 0.111755, 1.162439]
          vr_delta: [-0.09395900000000001, -0.12223500000000001, 0.08011199999999996]
          vr_delta_source: absolute_controller_pose
          robot_motion_m: 0.17134960639144045
          vr_motion_m: 0.1737458530440367
          captured_at: '2026-06-06T12:05:30'
        - label: back
          robot_start: [0.3493154740632584, -0.14874409348216558, 0.17249302451470708]
          robot_end: [0.22442910393932594, -0.08685792064700235, 0.07648005379297008]
          robot_delta: [-0.12488637012393247, 0.06188617283516323, -0.09601297072173699]
          vr_start: [-0.327989, 0.014216, 1.18107]
          vr_end: [-0.240758, 0.121235, 1.064777]
          vr_delta: [0.08723099999999998, 0.107019, -0.11629299999999998]
          vr_delta_source: absolute_controller_pose
          robot_motion_m: 0.1692483216393258
          vr_motion_m: 0.18051696754322014
          captured_at: '2026-06-06T12:07:02'
        - label: left
          robot_start: [0.22499154190732462, -0.08747248122004334, 0.07907512559291106]
          robot_end: [0.2408854791923694, 0.03817757011717282, 0.07880655707549487]
          robot_delta: [0.01589393728504479, 0.12565005133721616, -0.00026856851741619003]
          vr_start: [-0.333064, 0.201315, 1.108761]
          vr_end: [-0.207184, 0.14515, 1.111102]
          vr_delta: [0.12588000000000002, -0.05616499999999999, 0.0023409999999999265]
          vr_delta_source: absolute_controller_pose
          robot_motion_m: 0.12665158811682756
          vr_motion_m: 0.13786138656636238
          captured_at: '2026-06-06T12:07:23'
        - label: right
          robot_start: [0.22293261437352282, -0.09244259496060075, 0.08010579986565217]
          robot_end: [0.17208722139817254, -0.1571031101000741, 0.08010562828352719]
          robot_delta: [-0.05084539297535029, -0.06466051513947335, -1.7158212498036285e-07]
          vr_start: [-0.276083, 0.114593, 1.117684]
          vr_end: [-0.331235, 0.191032, 1.110876]
          vr_delta: [-0.05515199999999998, 0.07643900000000001, -0.006807999999999925]
          vr_delta_source: absolute_controller_pose
          robot_motion_m: 0.08225713467504994
          vr_motion_m: 0.09450403530537728
          captured_at: '2026-06-06T12:07:54'
        - label: down
          robot_start: [0.11940999390938789, -0.03622476807515137, 0.40299519589160143]
          robot_end: [0.2243243373010369, -0.0857682131561948, 0.07472879370922289]
          robot_delta: [0.10491434339164901, -0.049543445081043434, -0.32826640218237857]
          vr_start: [-0.272877, 0.190831, 1.468449]
          vr_end: [-0.341654, 0.038679, 1.130349]
          vr_delta: [-0.06877700000000003, -0.152152, -0.33809999999999985]
          vr_delta_source: absolute_controller_pose
          robot_motion_m: 0.3481672058100279
          vr_motion_m: 0.377083700036212
          captured_at: '2026-06-06T12:08:22'
        - label: up
          robot_start: [0.2250410202019179, -0.08610257658748982, 0.07731694518081902]
          robot_end: [0.15932387300527334, -0.054548427619572355, 0.37942412110622337]
          robot_delta: [-0.06571714719664457, 0.031554148967917466, 0.30210717592540437]
          vr_start: [-0.304809, 0.060092, 1.070513]
          vr_end: [-0.258067, 0.183287, 1.378288]
          vr_delta: [0.046742000000000006, 0.123195, 0.3077749999999999]
          vr_delta_source: absolute_controller_pose
          robot_motion_m: 0.31077830281147073
          vr_motion_m: 0.3347943745256183
          captured_at: '2026-06-06T12:08:52'
        robot_verified_sample_residuals:
        - index: 0
          label: forward
          residual_cm: 2.5887266923062224
          direction_error_deg: 8.218915705592401
          robot_motion_cm: 17.134960639144044
          vr_motion_cm: 17.37458530440367
          target_robot_delta: [0.13532716923135887, -0.06395534529589286, 0.08340838498863197]
          predicted_robot_delta: [0.13865782599246892, -0.057835901554117566, 0.058476282739186765]
          error_vector_cm: [0.3330656761110051, 0.6119443741775297, -2.4932102249445207]
        - index: 1
          label: back
          residual_cm: 0.8389920960111112
          direction_error_deg: 2.792526759008889
          robot_motion_cm: 16.924832163932578
          vr_motion_cm: 18.051696754322013
          target_robot_delta: [-0.12488637012393247, 0.06188617283516323, -0.09601297072173699]
          predicted_robot_delta: [-0.12779613296275338, 0.05438775528822795, -0.09362596669355822]
          error_vector_cm: [-0.2909762838820912, -0.7498417546935282, 0.2387004028178777]
        - index: 2
          label: left
          residual_cm: 0.8574221233209364
          direction_error_deg: 3.8179239903202427
          robot_motion_cm: 12.665158811682756
          vr_motion_cm: 13.786138656636238
          target_robot_delta: [0.01589393728504479, 0.12565005133721616, -0.00026856851741619003]
          predicted_robot_delta: [0.024016556723556518, 0.12560811748414535, -0.0030142132076658858]
          error_vector_cm: [0.8122619438511728, -0.004193385307080244, -0.27456446902496956]
        - index: 3
          label: right
          residual_cm: 0.7225882500799526
          direction_error_deg: 3.2155827099764416
          robot_motion_cm: 8.225713467504994
          vr_motion_cm: 9.450403530537727
          target_robot_delta: [-0.05084539297535029, -0.06466051513947335, -1.7158212498036285e-07]
          predicted_robot_delta: [-0.05763697507890608, -0.06605388130270741, 0.0020360801658609816]
          error_vector_cm: [-0.6791582103555793, -0.13933661632340583, 0.2036251747985962]
        - index: 4
          label: down
          residual_cm: 1.568897858558457
          direction_error_deg: 2.5601365436974497
          robot_motion_cm: 34.81672058100279
          vr_motion_cm: 37.7083700036212
          target_robot_delta: [0.10491434339164901, -0.049543445081043434, -0.32826640218237857]
          predicted_robot_delta: [0.1116740405792608, -0.03545691836440279, -0.3296877775909508]
          error_vector_cm: [0.6759697187611782, 1.4086526716640644, -0.1421375408572234]
        - index: 5
          label: up
          residual_cm: 2.1897993119708894
          direction_error_deg: 4.038765759478605
          robot_motion_cm: 31.077830281147072
          vr_motion_cm: 33.479437452561825
          target_robot_delta: [-0.06571714719664457, 0.031554148967917466, 0.30210717592540437]
          predicted_robot_delta: [-0.08458832490207797, 0.021170242462903843, 0.2981606280192075]
          error_vector_cm: [-1.8871177705433408, -1.0383906505013623, -0.3946547906196862]
    right:
      calibration_mode: vr_direction
      teleop_source: native_quest
      coordinate_frame: quest_operator_frame
      wrist_canonical_frame: raw_controller_anchor_local
      session_vr_to_robot:
      - [-0.2165622523991828, -0.9685389997560757, 0.12260912195792388]
      - [0.9755502282716122, -0.20987171193866366, 0.06523508754604247]
      - [-0.03745054011623806, 0.13373881440866345, 0.9903087329543082]
      calibrated_at: '2026-06-06T11:54:12'
      forward_motion_m: 0.10743019056578082
      up_motion_m: 0.10945363826753313
      left_motion_m: 0.1038566333028373
      confidence: good
      invert_lateral: false
      wrist_pitch_anchor_local: [0.2302174586178659, -0.9598408827983406, -0.16032904121347924]
      wrist_roll_anchor_local: [-0.907374756909038, -0.1766425886210995, -0.3814032595685322]
      robot_verification:
        calibration_mode: robot_verified
        teleop_source: native_quest
        coordinate_frame: quest_operator_frame
        base_vr_direction_matrix:
        - [-0.2165622523991828, -0.9685389997560757, 0.12260912195792388]
        - [0.9755502282716122, -0.20987171193866366, 0.06523508754604247]
        - [-0.03745054011623806, 0.13373881440866345, 0.9903087329543082]
        verified_vr_to_robot_matrix:
        - [-0.3129269487728774, -0.9437644363585248, 0.10670245262679283]
        - [0.9457801989259779, -0.31993327870383265, -0.05605811714063798]
        - [0.08704332284118446, 0.08337497132048548, 0.9927094610741218]
        translation_vr_to_robot_matrix:
        - [-0.3848360584109406, -0.8867786882023824, 0.07897422175807971]
        - [0.8855884943365735, -0.20293679280161733, 0.008552012188093377]
        - [0.15816884283330468, 0.08604139641084346, 0.9527803814599707]
        translation_scale: 0.9292662571480121
        fit_error_cm: 2.4239510219665386
        calibration_quality: good
        verified_at: '2026-06-06T12:14:24'
        low_scale_test_completed: true
        robot_verified_samples:
        - label: forward
          robot_start: [0.19521379032763347, 0.09614728308179059, 0.05279759535941715]
          robot_end: [0.3152336667141642, 0.168879007556287, 0.12236322204931858]
          robot_delta: [0.12001987638653072, 0.0727317244744964, 0.06956562668990143]
          vr_start: [-0.59224, 0.211118, 1.081916]
          vr_end: [-0.539099, 0.070583, 1.154422]
          vr_delta: [0.053140999999999994, -0.140535, 0.07250599999999996]
          vr_delta_source: absolute_controller_pose
          robot_motion_m: 0.1566334922346779
          vr_motion_m: 0.16682677285735642
          captured_at: '2026-06-06T12:11:23'
        - label: back
          robot_start: [0.3139265494890962, 0.16982255167625282, 0.11538874123132832]
          robot_end: [0.18191222684466407, 0.0864256522699467, 0.023392239132757023]
          robot_delta: [-0.13201432264443214, -0.08339689940630612, -0.0919965020985713]
          vr_start: [-0.59036, -0.047339, 1.22609]
          vr_end: [-0.640374, 0.11948, 1.123521]
          vr_delta: [-0.050014, 0.166819, -0.10256899999999991]
          vr_delta_source: absolute_controller_pose
          robot_motion_m: 0.18123515280492966
          vr_motion_m: 0.2021147662047481
          captured_at: '2026-06-06T12:12:08'
        - label: left
          robot_start: [0.18191222684466407, 0.0864256522699467, 0.023392239132757023]
          robot_end: [0.10076962177093836, 0.15440799297442262, 0.02187557548532784]
          robot_delta: [-0.08114260507372571, 0.06798234070447592, -0.0015166636474291811]
          vr_start: [-0.680285, 0.198894, 1.093768]
          vr_end: [-0.594592, 0.254768, 1.06373]
          vr_delta: [0.08569300000000002, 0.05587400000000001, -0.03003800000000001]
          vr_delta_source: absolute_controller_pose
          robot_motion_m: 0.10586794261923434
          vr_motion_m: 0.1066183641264487
          captured_at: '2026-06-06T12:12:51'
        - label: right
          robot_start: [0.18141539698988396, 0.08610839929552976, 0.0222547900037615]
          robot_end: [0.20545705297649036, 0.005395066279936202, 0.022463610270511622]
          robot_delta: [0.024041655986606403, -0.08071333301559355, 0.00020882026675012044]
          vr_start: [-0.601938, 0.17809, 1.078012]
          vr_end: [-0.692713, 0.199075, 1.079586]
          vr_delta: [-0.09077500000000005, 0.020985000000000004, 0.0015739999999999643]
          vr_delta_source: absolute_controller_pose
          robot_motion_m: 0.08421809161319341
          vr_motion_m: 0.09318233913140413
          captured_at: '2026-06-06T12:13:33'
        - label: up
          robot_start: [0.20690141634473427, 0.09643266705045535, 0.05884925642885144]
          robot_end: [0.1292373429845406, 0.05182807634526255, 0.3715022912508141]
          robot_delta: [-0.07766407336019368, -0.0446045907051928, 0.3126530348219626]
          vr_start: [-0.657474, 0.203138, 1.043045]
          vr_end: [-0.684692, 0.318673, 1.366691]
          vr_delta: [-0.027217999999999964, 0.11553499999999997, 0.3236460000000001]
          vr_delta_source: absolute_controller_pose
          robot_motion_m: 0.3252279169847796
          vr_motion_m: 0.34472581723015766
          captured_at: '2026-06-06T12:14:00'
        - label: down
          robot_start: [0.12953171773123046, 0.05199969713202982, 0.3712180135553901]
          robot_end: [0.20873319910917756, 0.09681367754285371, 0.06433587884326472]
          robot_delta: [0.07920148137794711, 0.044813980410823885, -0.30688213471212533]
          vr_start: [-0.595833, 0.399975, 1.399703]
          vr_end: [-0.5746, 0.261025, 1.087661]
          vr_delta: [0.021232999999999946, -0.13895000000000002, -0.31204199999999993]
          vr_delta_source: absolute_controller_pose
          robot_motion_m: 0.3200903186573971
          vr_motion_m: 0.34223990496872214
          captured_at: '2026-06-06T12:14:20'
        robot_verified_sample_residuals:
        - index: 0
          label: forward
          residual_cm: 2.365732844269109
          direction_error_deg: 8.686699412089824
          robot_motion_cm: 15.66334922346779
          vr_motion_cm: 16.682677285735643
          target_robot_delta: [0.12001987638653072, 0.0727317244744964, 0.06956562668990143]
          predicted_robot_delta: [0.12405257618363952, 0.07997820271620791, 0.04740947462136388]
          error_vector_cm: [0.40326997971087963, 0.7246478241711513, -2.2156152068537556]
        - index: 1
          label: back
          residual_cm: 2.8172318215129226
          direction_error_deg: 8.514537001070403
          robot_motion_cm: 18.123515280492967
          vr_motion_cm: 20.211476620474812
          target_robot_delta: [-0.13201432264443214, -0.08339689940630612, -0.0919965020985713]
          predicted_robot_delta: [-0.15176354433331216, -0.0840919575242286, -0.07191754170440041]
          error_vector_cm: [-1.974922168888002, -0.06950581179224757, 2.0078960394170884]
        - index: 2
          label: left
          residual_cm: 2.4578905409820173
          direction_error_deg: 13.244641452073832
          robot_motion_cm: 10.586794261923433
          vr_motion_cm: 10.66183641264487
          target_robot_delta: [-0.08114260507372571, 0.06798234070447592, -0.0015166636474291811]
          predicted_robot_delta: [-0.07095593710826321, 0.06496679019727722, -0.02368106849043909]
          error_vector_cm: [1.01866679654625, -0.30155505071987054, -2.216440484300991]
        - index: 3
          label: right
          residual_cm: 2.606775404010722
          direction_error_deg: 17.48501760131055
          robot_motion_cm: 8.421809161319342
          vr_motion_cm: 9.318233913140412
          target_robot_delta: [0.024041655986606403, -0.08071333301559355, 0.00020882026675012044]
          predicted_robot_delta: [-0.00043988276336510556, -0.08628892313472855, 0.007215592416076367]
          error_vector_cm: [-2.4481538749971508, -0.5575590119134999, 0.7006772149326246]
        - index: 4
          label: up
          residual_cm: 2.338478577977214
          direction_error_deg: 4.060259430959283
          robot_motion_cm: 32.52279169847796
          vr_motion_cm: 34.472581723015765
          target_robot_delta: [-0.07766407336019368, -0.0446045907051928, 0.3126530348219626]
          predicted_robot_delta: [-0.06163247873966296, -0.027587108054652587, 0.31314442481714605]
          error_vector_cm: [1.603159462053072, 1.7017482650540212, 0.04913899951834444]
        - index: 5
          label: down
          residual_cm: 1.8479064740117825
          direction_error_deg: 3.2982221761530552
          robot_motion_cm: 32.009031865739715
          vr_motion_cm: 34.22399049687221
          target_robot_delta: [0.07920148137794711, 0.044813980410823885, -0.30688213471212533]
          predicted_robot_delta: [0.08523326017987258, 0.027431424338038038, -0.3051674270021747]
          error_vector_cm: [0.6031778801925471, -1.7382556072785846, 0.17147077099506358]
