# VR→robot calibration data. Auto-managed by the calibration wizard in
# the dashboard — edit by re-running the wizard, not by hand.
# Multiple user/setup profiles live under profiles.<name>.
# Wrist-motor polarity lives in config/xlerobot.yaml (vr.wrist_motor_polarity).
active_profile: default
profiles:
  default:
    left:
      calibration_mode: vr_direction
      teleop_source: native_quest
      wrist_canonical_frame: raw_controller_anchor_local
      session_vr_to_robot:
      - [0.2097707568458267, 0.16274393853824237, 0.9641113213946768]
      - [0.9762214922686718, 0.020263851889933095, -0.21582625961478907]
      - [-0.05466102455183741, 0.9864602307116306, -0.1546233669899211]
      calibrated_at: '2026-06-06T09:52:28'
      forward_motion_m: 0.10499644838279053
      up_motion_m: 0.11374665113751704
      left_motion_m: 0.10560754238689583
      confidence: good
      invert_lateral: false
      wrist_pitch_anchor_local: [0.9577153015925197, -0.1942976836058076, 0.21220228849135112]
      wrist_roll_anchor_local: [0.3044905210384427, 0.2656190647452227, -0.9147305805763853]
      robot_verification:
        calibration_mode: robot_verified
        teleop_source: native_quest
        base_vr_direction_matrix:
        - [0.2097707568458267, 0.16274393853824237, 0.9641113213946768]
        - [0.9762214922686718, 0.020263851889933095, -0.21582625961478907]
        - [-0.05466102455183741, 0.9864602307116306, -0.1546233669899211]
        verified_vr_to_robot_matrix:
        - [0.22480983827505008, 0.13845387394131245, 0.9645159726025219]
        - [0.9726750523977968, 0.027030935942310968, -0.2305917842097283]
        - [-0.057998095293630605, 0.9899999259054145, -0.12859380875292986]
        translation_vr_to_robot_matrix:
        - [0.2190170680004741, 0.09763232118185733, 0.8972175797669557]
        - [0.8857736866483884, 0.006024668895981605, -0.19821781582877562]
        - [-0.08130128971953429, 0.9315817819031976, -0.14735576055612595]
        translation_scale: 0.940478144812817
        fit_error_cm: 1.7026621586877695
        calibration_quality: good
        verified_at: '2026-06-06T10:08:30'
        robot_verified_samples:
        - label: forward
          robot_start: [0.2242182977603766, -0.07809491522538689, 0.07838643380594015]
          robot_end: [0.3946697500174475, -0.11400270216521637, 0.10850526434191109]
          robot_delta: [0.17045145225707087, -0.035907786939829475, 0.030118830535970934]
          vr_start: [0.030223, 1.051942, 0.301325]
          vr_end: [0.025577, 1.121337, 0.478353]
          vr_delta: [-0.004646000000000001, 0.0693950000000001, 0.17702799999999996]
          robot_motion_m: 0.1767772912234918
          vr_motion_m: 0.19020032630098194
          captured_at: '2026-06-06T10:05:08'
        - label: back
          robot_start: [0.3946399521024902, -0.11038930008348366, 0.10127024102543158]
          robot_end: [0.22392086754919288, -0.05639039544110615, 0.05522858244592785]
          robot_delta: [-0.17071908455329732, 0.05399890464237751, -0.046041658579503736]
          vr_start: [0.090494, 1.139989, 0.513397]
          vr_end: [0.103743, 1.073094, 0.31713]
          vr_delta: [0.013248999999999997, -0.06689499999999993, -0.19626699999999997]
          robot_motion_m: 0.18488029061542513
          vr_motion_m: 0.20777683296027008
          captured_at: '2026-06-06T10:05:43'
        - label: left
          robot_start: [0.21925000373660525, -0.07273407014704109, 0.058167148058976326]
          robot_end: [0.21308079074636027, 0.08647670181708854, 0.05816757053909923]
          robot_delta: [-0.006169212990244977, 0.15921077196412964, 4.2248012290663217e-07]
          vr_start: [0.054544, 1.078986, 0.41165]
          vr_end: [0.225821, 1.078841, 0.369772]
          vr_delta: [0.171277, -0.00014500000000006175, -0.041878000000000026]
          robot_motion_m: 0.15933025167403578
          vr_motion_m: 0.17632242806290982
          captured_at: '2026-06-06T10:06:07'
        - label: right
          robot_start: [0.21993468566010396, -0.07204450560861303, 0.05926112399272969]
          robot_end: [0.14758561517179108, -0.1616366459438287, 0.05900854821781274]
          robot_delta: [-0.07234907048831288, -0.08959214033521568, -0.000252575774916948]
          vr_start: [0.062898, 1.055367, 0.378122]
          vr_end: [-0.044498, 1.028335, 0.33741]
          vr_delta: [-0.10739599999999987, -0.027031999999999945, -0.040712000000000026]
          robot_motion_m: 0.11515729853070503
          vr_motion_m: 0.11799193524982957
          captured_at: '2026-06-06T10:06:41'
        - label: up
          robot_start: [0.21676680342454233, -0.07947008453402588, 0.05917749348997002]
          robot_end: [0.09958866058482625, -0.02665668246068333, 0.4045260580939043]
          robot_delta: [-0.11717814283971607, 0.05281340207334255, 0.34534856460393426]
          vr_start: [0.053969, 1.106833, 0.40093]
          vr_end: [0.081012, 1.460157, 0.229715]
          vr_delta: [0.027042999999999998, 0.35332399999999997, -0.171215]
          robot_motion_m: 0.3684909818054211
          vr_motion_m: 0.3935527271535543
          captured_at: '2026-06-06T10:07:53'
        - label: down
          robot_start: [0.11227330443007266, -0.031869966140061726, 0.4020807557694056]
          robot_end: [0.21306209407841492, -0.07715514570974227, 0.048204861502686075]
          robot_delta: [0.10078878964834226, -0.04528517956968055, -0.3538758942667195]
          vr_start: [0.014744, 1.335272, 0.337058]
          vr_end: [0.009088, 0.987371, 0.492923]
          vr_delta: [-0.005655999999999986, -0.347901, 0.15586499999999998]
          robot_motion_m: 0.37072533788575396
          vr_motion_m: 0.38126236945442177
          captured_at: '2026-06-06T10:08:24'
        robot_verified_sample_residuals:
        - index: 0
          label: forward
          residual_cm: 0.9249712458788272
          direction_error_deg: 2.90262242449572
          robot_motion_cm: 17.67772912234918
          vr_motion_cm: 19.020032630098193
          target_robot_delta: [0.17045145225707087, -0.035907786939829475, 0.030118830535970934]
          predicted_robot_delta: [0.17022063770968635, -0.03887617465377379, 0.03887626050113098]
          error_vector_cm: [-0.023081454738452245, -0.2968387713944316, 0.8757429965160046]
        - index: 1
          label: back
          residual_cm: 1.9284607482758054
          direction_error_deg: 4.871702368582106
          robot_motion_cm: 18.488029061542512
          vr_motion_cm: 20.777683296027007
          target_robot_delta: [-0.17071908455329732, 0.05399890464237751, -0.046041658579503736]
          predicted_robot_delta: [-0.18558524801321027, 0.050727491999897435, -0.03420142509068189]
          error_vector_cm: [-1.4866163459912958, -0.3271412642480077, 1.1840233488821843]
        - index: 2
          label: left
          residual_cm: 0.7398781004288272
          direction_error_deg: 1.2477133585101863
          robot_motion_cm: 15.933025167403578
          vr_motion_cm: 17.632242806290982
          target_robot_delta: [-0.006169212990244977, 0.15921077196412964, 4.2248012290663217e-07]
          predicted_robot_delta: [-0.00420369830188288, 0.1657496071396148, -0.002849550661344848]
          error_vector_cm: [0.19655146883620964, 0.6538835175485175, -0.2849973141467755]
        - index: 3
          label: right
          residual_cm: 1.6821022776656198
          direction_error_deg: 8.264304766242546
          robot_motion_cm: 11.515729853070503
          vr_motion_cm: 11.799193524982957
          target_robot_delta: [-0.07234907048831288, -0.08959214033521568, -0.000252575774916948]
          predicted_robot_delta: [-0.062239653416079656, -0.0908533273023027, -0.013637488966509783]
          error_vector_cm: [1.0109417072233222, -0.1261186967087019, -1.3384913191592835]
        - index: 4
          label: up
          residual_cm: 2.5950793960477614
          direction_error_deg: 4.01890304566178
          robot_motion_cm: 36.849098180542114
          vr_motion_cm: 39.35527271535543
          target_robot_delta: [-0.11717814283971607, 0.05281340207334255, 0.34534856460393426]
          predicted_robot_delta: [-0.0958311020921713, 0.06631532981418481, 0.3513021774384154]
          error_vector_cm: [2.1347040747544774, 1.3501927740842259, 0.5953612834481148]
        - index: 5
          label: down
          residual_cm: 1.6457500261604172
          direction_error_deg: 1.7434308489974017
          robot_motion_cm: 37.0725337885754
          vr_motion_cm: 38.12623694544218
          target_robot_delta: [0.10078878964834226, -0.04528517956968055, -0.3538758942667195]
          predicted_robot_delta: [0.08696222274556266, -0.04346051365805663, -0.3451382769224649]
          error_vector_cm: [-1.38265669027796, 0.18246659116239183, 0.87376173442546]
    right:
      calibration_mode: vr_direction
      teleop_source: native_quest
      wrist_canonical_frame: raw_controller_anchor_local
      session_vr_to_robot:
      - [0.15675712636410188, 0.09634437279294904, 0.9829267343831902]
      - [0.9822275091289007, 0.08881518921597296, -0.16535108852065789]
      - [-0.10322947081383559, 0.9913776394470799, -0.08070967946802482]
      calibrated_at: '2026-06-06T09:53:04'
      forward_motion_m: 0.11297850877489926
      up_motion_m: 0.11791279924164291
      left_motion_m: 0.1068369015134752
      confidence: good
      invert_lateral: false
      wrist_pitch_anchor_local: [0.9899319057754756, -0.12377466654977717, -0.06866333700182456]
      wrist_roll_anchor_local: [-0.19502715681795676, 0.20251224989312025, -0.959663064177595]
      robot_verification:
        calibration_mode: robot_verified
        teleop_source: native_quest
        base_vr_direction_matrix:
        - [0.15675712636410188, 0.09634437279294904, 0.9829267343831902]
        - [0.9822275091289007, 0.08881518921597296, -0.16535108852065789]
        - [-0.10322947081383559, 0.9913776394470799, -0.08070967946802482]
        verified_vr_to_robot_matrix:
        - [0.05367451034911386, 0.08045243743691045, 0.9953122385710136]
        - [0.9956696967735096, 0.07145110264243297, -0.0594692765899156]
        - [-0.07590060517367574, 0.9941942190747441, -0.07626895103926169]
        translation_vr_to_robot_matrix:
        - [0.04571090062447475, 0.11819534479483573, 0.950080822698543]
        - [0.9065221221046575, 0.058343898021054635, -0.05615676228521477]
        - [-0.07822743417835948, 0.9717845148428493, -0.032558263281564075]
        translation_scale: 0.9561132132045593
        fit_error_cm: 1.9742051425694038
        calibration_quality: good
        verified_at: '2026-06-06T10:01:06'
        robot_verified_samples:
        - label: forward
          robot_start: [0.18883006427285648, 0.10718517800642655, 0.04349845607881693]
          robot_end: [0.32590562791085853, 0.20663044403733152, 0.11967612885419163]
          robot_delta: [0.13707556363800205, 0.09944526603090498, 0.0761776727753747]
          vr_start: [-0.178453, 1.030279, 0.509739]
          vr_end: [-0.080283, 1.122862, 0.639185]
          vr_delta: [0.09816999999999997, 0.09258300000000008, 0.12944599999999995]
          robot_motion_m: 0.18569358877491027
          vr_motion_m: 0.18698991337770066
          captured_at: '2026-06-06T09:58:51'
        - label: back
          robot_start: [0.3124478896926476, 0.19562626352487977, 0.10940914889424289]
          robot_end: [0.18880226117472698, 0.10716514130929938, 0.04304271474080219]
          robot_delta: [-0.1236456285179206, -0.08846112221558039, -0.06636643415344069]
          vr_start: [-0.095832, 1.192994, 0.73231]
          vr_end: [-0.208079, 1.114726, 0.618537]
          vr_delta: [-0.11224699999999999, -0.078268, -0.11377300000000001]
          robot_motion_m: 0.165885849841011
          vr_motion_m: 0.17795944583528012
          captured_at: '2026-06-06T09:59:25'
        - label: left
          robot_start: [0.18872896897594219, 0.10746114060079841, 0.043278971463622126]
          robot_end: [0.11236601021138584, 0.1697514697984024, 0.04446374353062136]
          robot_delta: [-0.07636295876455634, 0.06229032919760398, 0.0011847720669992332]
          vr_start: [-0.169997, 1.074542, 0.533655]
          vr_end: [-0.106686, 1.077781, 0.45659]
          vr_delta: [0.063311, 0.003238999999999992, -0.077065]
          robot_motion_m: 0.09855348937340548
          vr_motion_m: 0.09978871713275003
          captured_at: '2026-06-06T09:59:46'
        - label: right
          robot_start: [0.1998073810946832, 0.09002325297175238, 0.043279670623605465]
          robot_end: [0.2226486352910194, -0.020851422152288673, 0.04446248876911323]
          robot_delta: [0.022841254196336175, -0.11087467512404106, 0.0011828181455077677]
          vr_start: [-0.161104, 1.068513, 0.477322]
          vr_end: [-0.278103, 1.060777, 0.513982]
          vr_delta: [-0.11699899999999999, -0.007735999999999965, 0.036660000000000026]
          robot_motion_m: 0.11320916719015575
          vr_motion_m: 0.12285181031226199
          captured_at: '2026-06-06T10:00:07'
        - label: up
          robot_start: [0.19077355986132757, 0.10405852319303516, 0.04263659692350617]
          robot_end: [0.1425014446133313, 0.0704909608871783, 0.362776139222691]
          robot_delta: [-0.04827211524799627, -0.03356756230585686, 0.3201395422991848]
          vr_start: [-0.175145, 1.033418, 0.569915]
          vr_end: [-0.247977, 1.351118, 0.473728]
          vr_delta: [-0.07283200000000001, 0.3177000000000001, -0.09618699999999997]
          robot_motion_m: 0.3254939398717048
          vr_motion_m: 0.3398377983582757
          captured_at: '2026-06-06T10:00:34'
        - label: down
          robot_start: [0.1427856261236726, 0.07159782777191157, 0.3616797671137936]
          robot_end: [0.1831843824557157, 0.09847520289120727, 0.025558386727183496]
          robot_delta: [0.040398756332043095, 0.026877375119295707, -0.3361213803866101]
          vr_start: [-0.237609, 1.346642, 0.4193]
          vr_end: [-0.190908, 1.004431, 0.493486]
          vr_delta: [0.04670099999999999, -0.3422109999999998, 0.07418599999999997]
          robot_motion_m: 0.33960570542833846
          vr_motion_m: 0.35326040610008913
          captured_at: '2026-06-06T10:01:01'
        robot_verified_sample_residuals:
        - index: 0
          label: forward
          residual_cm: 2.282387932902483
          direction_error_deg: 6.844348339245476
          robot_motion_cm: 18.569358877491027
          vr_motion_cm: 18.698991337770067
          target_robot_delta: [0.13707556363800205, 0.09944526603090498, 0.0761776727753747]
          predicted_robot_delta: [0.14489382525616884, 0.07959070192522505, 0.06807825692796735]
          error_vector_cm: [0.7818261618166789, -1.9854564105679928, -0.8099415847407352]
        - index: 1
          label: back
          residual_cm: 1.515966607750929
          direction_error_deg: 4.962896085477839
          robot_motion_cm: 16.5885849841011
          vr_motion_cm: 17.795944583528012
          target_robot_delta: [-0.1236456285179206, -0.08846112221558039, -0.06636643415344069]
          predicted_robot_delta: [-0.13095569256234696, -0.09407292469334762, -0.054329569437141165]
          error_vector_cm: [-0.7310064044426356, -0.5611802477767227, 1.2036864716299527]
        - index: 2
          label: left
          residual_cm: 1.6838425009027786
          direction_error_deg: 9.786206849323898
          robot_motion_cm: 9.855348937340548
          vr_motion_cm: 9.978871713275003
          target_robot_delta: [-0.07636295876455634, 0.06229032919760398, 0.0011847720669992332]
          predicted_robot_delta: [-0.0626375953285216, 0.07191525990492154, 0.002768332679274187]
          error_vector_cm: [1.372536343603474, 0.9624930707317556, 0.15835606122749538]
        - index: 3
          label: right
          residual_cm: 0.859274275632115
          direction_error_deg: 3.7109727929135943
          robot_motion_cm: 11.320916719015575
          vr_motion_cm: 12.285181031226198
          target_robot_delta: [0.022841254196336175, -0.11087467512404106, 0.0011828181455077677]
          predicted_robot_delta: [0.016204538496330502, -0.11632884284002583, 0.0013860109591535964]
          error_vector_cm: [-0.6636715700005673, -0.5454167715984768, 0.020319281364582872]
        - index: 4
          label: up
          residual_cm: 2.526986105657892
          direction_error_deg: 4.452070957307023
          robot_motion_cm: 32.549393987170475
          vr_motion_cm: 33.98377983582757
          target_robot_delta: [-0.04827211524799627, -0.03356756230585686, 0.3201395422991848]
          predicted_robot_delta: [-0.07204609608724051, -0.026213166216127397, 0.31574903309985225]
          error_vector_cm: [-2.377398083924424, 0.7354396089729466, -0.43905091993325374]
        - index: 5
          label: down
          residual_cm: 2.432720619144848
          direction_error_deg: 4.104501033596843
          robot_motion_cm: 33.96057054283384
          vr_motion_cm: 35.32604061000891
          target_robot_delta: [0.040398756332043095, 0.026877375119295707, -0.3361213803866101]
          predicted_robot_delta: [0.045195484129930984, 0.0030698274330991796, -0.3347053872073549]
          error_vector_cm: [0.47967277978878886, -2.380754768619653, 0.1415993179255226]
