# VR→robot calibration data. Auto-managed by the calibration wizard in
# the dashboard — edit by re-running the wizard, not by hand.
# Multiple user/setup profiles live under profiles.<name>.
# Wrist-motor polarity lives in config/xlerobot.yaml (vr.wrist_motor_polarity).
active_profile: default
profiles:
  default:
    left:
      calibration_mode: robot_verified
      wrist_canonical_frame: raw_controller_anchor_local
      session_vr_to_robot:
      - [-0.9867820696479281, 0.13908217233894105, -0.08317028531171776]
      - [-0.0749044089563525, 0.06365420172481616, 0.9951570087788539]
      - [0.14370273671802825, 0.9882329138114441, -0.05239495700438664]
      calibrated_at: '2026-06-05T10:47:06'
      forward_motion_m: 0.24864889598736473
      up_motion_m: 0.2825946561055979
      left_motion_m: 0.27806443973155065
      confidence: good
      invert_lateral: false
      wrist_pitch_anchor_local: [0.972826006715429, 0.010509823894958442, 0.23129873380502744]
      wrist_roll_anchor_local: [0.18772749826215357, 0.5223755237667285, -0.8317945651215025]
      base_vr_direction_matrix:
      - [-0.9867820696479281, 0.13908217233894105, -0.08317028531171776]
      - [-0.0749044089563525, 0.06365420172481616, 0.9951570087788539]
      - [0.14370273671802825, 0.9882329138114441, -0.05239495700438664]
      verified_vr_to_robot_matrix:
      - [-0.9001259960887895, 0.020274112847741783, 0.4351576168624439]
      - [0.4348476047140726, 0.10164469976733503, 0.8947490797333305]
      - [-0.02609122150452548, 0.99461415401021, -0.10030918603476217]
      translation_vr_to_robot_matrix:
      - [-0.4385287101634905, -0.06734240732122511, 0.06889979362227627]
      - [0.4953861266983918, 0.06784305073834301, 0.7092702277679489]
      - [0.027539755057418597, 0.814987364121475, -0.12451382723645311]
      translation_scale: 0.8316713479279836
      fit_error_cm: 2.442776480384199
      calibration_quality: good
      verified_at: '2026-06-05T11:12:56'
      robot_verified_samples:
      - label: left
        robot_start: [0.22506143756007252, -0.07170229111220687, 0.06786406432789763]
        robot_end: [0.2116851437645555, 0.09987034821508486, 0.06812411760048095]
        robot_delta: [-0.013376293795517025, 0.17157263932729172, 0.0002600532725833271]
        vr_start: [-0.06963710486888885, 1.049094796180725, 0.32275575399398804]
        vr_end: [-0.05053868517279625, 1.0855414867401123, 0.5165301561355591]
        vr_delta: [0.018256817013025284, 0.03618335723876953, 0.19343459606170654]
        robot_motion_m: 0.17209347294171704
        vr_motion_m: 0.19763473799428855
        captured_at: '2026-06-05T11:10:19'
      - label: right
        robot_start: [0.21179929909304723, 0.0999358475855203, 0.0685522945480418]
        robot_end: [0.22011583021054482, -0.08391124647344711, 0.06855180669321095]
        robot_delta: [0.008316531117497583, -0.1838470940589674, -4.878548308523412e-07]
        vr_start: [-0.04282397776842117, 1.1088923215866089, 0.5011232495307922]
        vr_end: [-0.11704562604427338, 1.0821640491485596, 0.2722409963607788]
        vr_delta: [-0.07122024521231651, -0.025551557540893555, -0.22713005542755127]
        robot_motion_m: 0.18403510177135535
        vr_motion_m: 0.23940189535463288
        captured_at: '2026-06-05T11:10:44'
      - label: up
        robot_start: [0.220234505489293, -0.08396661360024225, 0.06898018475574166]
        robot_end: [0.11523299659895411, -0.03455480491660547, 0.3658852598522134]
        robot_delta: [-0.10500150889033888, 0.04941180868363679, 0.2969050750964717]
        vr_start: [-0.1346004605293274, 1.0798113346099854, 0.31703972816467285]
        vr_end: [0.02324506640434265, 1.417312741279602, 0.22434480488300323]
        vr_delta: [0.15740850567817688, 0.3369332551956177, -0.09314419329166412]
        robot_motion_m: 0.3187780847622335
        vr_motion_m: 0.38337618191602196
        captured_at: '2026-06-05T11:11:05'
      - label: down
        robot_start: [0.11523299659895411, -0.03455480491660547, 0.3658852598522134]
        robot_end: [0.22632331742028117, -0.08715743424697506, 0.11559002655165561]
        robot_delta: [0.11109032082132705, -0.05260262933036959, -0.25029523330055775]
        vr_start: [0.005082744173705578, 1.4055391550064087, 0.22908291220664978]
        vr_end: [-0.20273594558238983, 1.1098936796188354, 0.3083263635635376]
        vr_delta: [-0.20585294719785452, -0.29632461071014404, 0.07833409309387207]
        robot_motion_m: 0.2788472696757748
        vr_motion_m: 0.3692153042919544
        captured_at: '2026-06-05T11:11:21'
      - label: forward
        robot_start: [0.2232202862198479, -0.08570387582692876, 0.08208694266195053]
        robot_end: [0.34643858708255826, -0.13998435330415607, 0.1719144171411785]
        robot_delta: [0.12321830086271035, -0.05428047747722731, 0.08982747447922797]
        vr_start: [-0.0013774707913398743, 1.053074836730957, 0.2883867919445038]
        vr_end: [-0.2941286563873291, 1.165492057800293, 0.4266015887260437]
        vr_delta: [-0.3268324825912714, 0.13899171352386475, 0.12579646706581116]
        robot_motion_m: 0.1618582561192525
        vr_motion_m: 0.37677966934445056
        captured_at: '2026-06-05T11:12:20'
      - label: back
        robot_start: [0.34874801975125, -0.09783554328431551, 0.15058775823919573]
        robot_end: [0.22849820795505824, -0.05739668775943019, 0.06855910722789083]
        robot_delta: [-0.12024981179619179, 0.040438855524885325, -0.08202865101130491]
        vr_start: [-0.272228866815567, 1.2045718431472778, 0.38076797127723694]
        vr_end: [-0.06543196737766266, 1.0765323638916016, 0.27801433205604553]
        vr_delta: [0.20462949573993683, -0.12597298622131348, -0.10205206274986267]
        robot_motion_m: 0.1510761988531501
        vr_motion_m: 0.26106904698910205
        captured_at: '2026-06-05T11:12:48'
      robot_verified_sample_residuals:
      - index: 0
        label: left
        residual_cm: 2.8629164866496297
        direction_error_deg: 5.982202599978036
        robot_motion_cm: 17.209347294171703
        vr_motion_cm: 19.763473799428855
        predicted_robot_delta: [0.002884790950224492, 0.14869636321384513, 0.005906485334176878]
      - index: 1
        label: right
        residual_cm: 1.7732652060333316
        direction_error_deg: 2.876151103156766
        robot_motion_cm: 18.403510177135534
        vr_motion_cm: 23.94018953546329
        predicted_robot_delta: [0.017303611721720794, -0.19811160317897583, 0.005495247843984617]
      - index: 2
        label: up
        residual_cm: 1.7381378887550734
        direction_error_deg: 2.576721942929885
        robot_motion_cm: 31.87780847622335
        vr_motion_cm: 38.337618191602196
        predicted_robot_delta: [-0.09813566117017201, 0.03477216667372476, 0.29052907721867305]
      - index: 3
        label: down
        residual_cm: 1.606850545509026
        direction_error_deg: 2.4281218117870504
        robot_motion_cm: 27.88472696757748
        vr_motion_cm: 36.92153042919544
        predicted_robot_delta: [0.1156248428995302, -0.0665202197305354, -0.25692363088487374]
      - index: 4
        label: forward
        residual_cm: 2.1422857671540165
        direction_error_deg: 4.117794158567898
        robot_motion_cm: 16.18582561192525
        vr_motion_cm: 37.67796693444506
        predicted_robot_delta: [0.14263274106312843, -0.06325496690912955, 0.08861220415698148]
      - index: 5
        label: back
        residual_cm: 3.7775257767712622
        direction_error_deg: 10.959222502546398
        robot_motion_cm: 15.10761988531501
        vr_motion_cm: 26.106904698910206
        predicted_robot_delta: [-0.08828395074084631, 0.02044173181619512, -0.08432405289045813]
    right:
      calibration_mode: vr_direction
      wrist_canonical_frame: raw_controller_anchor_local
      session_vr_to_robot:
      - [-0.9560243830311188, 0.2626601622783295, -0.1304876170442628]
      - [-0.12820698165303063, 0.025880164912001135, 0.9914096968052851]
      - [0.26378087289526525, 0.9645412672436825, 0.008932797913460454]
      calibrated_at: '2026-06-05T10:47:33'
      forward_motion_m: 0.16544873724105516
      up_motion_m: 0.22537193298177705
      left_motion_m: 0.16611478985515105
      confidence: good
      invert_lateral: false
      wrist_pitch_anchor_local: [0.9755784668355895, 0.08958869207375145, -0.200550545497227]
      wrist_roll_anchor_local: [-0.31449965763451626, 0.47667871384066124, -0.820894249656425]
